12x38
 0 0 0 0 0 0 0 0 0 0 0 N1 N1 0 0 0 0 0 0 B 0 0 0 N3 N3 0 0 0 0 0 0 0 0 0 0 N5 N5 0
 0 0 0 0 0 0 0 0 0 0 0 0   0 0 0 0 0 0 0 0 B 0 0 0   0 0 0 0 0 0 0 0 0 0 0 0   0 0
 0 0 0 0 0 0 0 0 0 0 0 0   0 0 0 0 0 0 0 0 0 B 0 0   0 0 0 0 0 0 0 0 0 0 0 0   0 0
 0 0 0 0 0 0 0 0 0 0 0 0   0 0 0 0 0 0 0 0 0 0 B 0   0 0 0 0 0 0 0 0 0 0 0 0   0 0
 0 0 0 0 0 0 0 0 0 0 0 0   0 0 0 0 0 0 0 0 0 0 0 B   0 0 0 0 0 0 0 0 0 0 0 0   0 B
C1 0 0 0 0 0 0 0 0 0 0 0   0 0 0 0 0 0 0 0 0 0 0 0   B 0 0 0 0 0 0 0 0 0 0 0   B 0
C1 0 0 0 0 0 0 0 0 0 0 0   0 0 0 0 0 0 0 0 0 0 0 0   B B 0 0 0 0 0 0 0 0 0 B   0 0
 0 0 0 0 0 0 0 0 0 0 0 0   0 0 0 0 0 0 0 0 0 0 0 0   0 0 B 0 0 0 0 0 0 0 B 0   0 0
 0 0 0 0 0 0 0 0 0 0 0 0   0 0 0 0 0 0 0 0 0 0 0 0   0 0 0 B 0 0 0 0 0 B 0 0   0 0
 0 0 0 0 0 0 0 0 0 0 0 0   0 0 0 0 0 0 0 0 0 0 0 0   0 0 0 0 B 0 0 0 B 0 0 0   0 0
 0 0 0 0 0 0 0 0 0 0 0 0   0 0 0 0 0 0 0 0 0 0 0 0   0 0 0 0 0 B B B 0 0 0 0   0 0
 0 0 0 0 0 0 0 0 0 0 0 N2 N2 0 0 0 0 0 0 0 0 0 0 N4 N4 0 0 0 0 0 B 0 0 0 0 N6 N6 0
 
 C1 = Coordenador
 N = Nodo
 B = Barreira
 
 Verde = 0.1
 Amarelo = 1
 Vermelho = 2